# Color blind friendly palette
# Define matching paletter for each programs.
accessible_palette <- c("#949df0", "#4e49c1", "#aa48af", "#76a146", "#c5c140", "#984531", "#c7a488")
point_shapes <- c(15, 16, 17, 18, 0, 1)
