# Color blind friendly palette
# Define matching paletter for each programs.
accessible_palette <- c("#949df0", "#4e49c1", "#aa48af", "#76a146", "#c5c140", "#984531", "#c7a488", "#000000")
point_shapes <- c(15, 18, 17, 3, 4, 0, 2)
